            day,           rain,      rootdepth,        rootvwc,         rootwc,     layer1_vwc,      layer1_wc,       layer1_t,       layer1_e,  layer1_influx, layer1_outflux, layer1_netflux,     layer2_vwc,      layer2_wc,       layer2_t,       layer2_e,  layer2_influx, layer2_outflux, layer2_netflux,     layer3_vwc,      layer3_wc,       layer3_t,       layer3_e,  layer3_influx, layer3_outflux, layer3_netflux
              1,          0.000,          0.018,          0.330,          5.945,          0.324,         16.219,          0.084,          4.199,         -4.282,         -0.502,         -3.781,          0.396,         99.102,          0.000,          0.000,         -0.502,          0.397,         -0.898,          0.400,        279.976,          0.000,          0.000,          0.397,          0.421,         -0.024
              2,          0.000,          0.026,          0.305,          7.924,          0.303,         15.149,          0.053,          2.897,         -2.950,         -1.880,         -1.070,          0.388,         96.937,          0.000,          0.000,         -1.880,          0.285,         -2.165,          0.400,        279.842,          0.000,          0.000,          0.285,          0.419,         -0.134
              3,         12.500,          0.034,          0.393,         13.372,          0.401,         20.056,          0.307,          5.297,          4.396,         -0.511,          4.907,          0.385,         96.241,          0.000,          0.000,         -0.511,          0.185,         -0.695,          0.399,        279.612,          0.000,          0.000,          0.185,          0.414,         -0.230
              4,          5.900,          0.042,          0.400,         16.814,          0.400,         20.015,          0.300,          3.800,          0.620,          0.662,         -0.041,          0.387,         96.715,          0.000,          0.000,          0.662,          0.188,          0.474,          0.399,        279.391,          0.000,          0.000,          0.188,          0.408,         -0.221
              5,          8.100,          0.050,          0.423,         21.136,          0.424,         21.179,          0.300,          3.500,          2.680,          1.516,          1.165,          0.392,         98.005,          0.000,          0.000,          1.516,          0.226,          1.290,          0.399,        279.214,          0.000,          0.000,          0.226,          0.403,         -0.177
              6,          0.000,          0.058,          0.359,         20.795,          0.347,         17.348,          0.362,          3.199,         -3.561,          0.270,         -3.832,          0.392,         97.985,          0.016,          0.000,          0.270,          0.290,         -0.020,          0.399,        279.105,          0.000,          0.000,          0.290,          0.399,         -0.109
              7,          0.000,          0.066,          0.333,         21.996,          0.314,         15.678,          0.199,          2.498,         -2.697,         -1.027,         -1.670,          0.387,         96.710,          0.021,          0.000,         -1.027,          0.248,         -1.275,          0.399,        278.957,          0.000,          0.000,          0.248,          0.396,         -0.149
              8,          9.500,          0.074,          0.375,         27.779,          0.377,         18.832,          0.349,          4.698,          2.553,         -0.601,          3.154,          0.384,         95.929,          0.061,          0.000,         -0.601,          0.180,         -0.781,          0.398,        278.745,          0.000,          0.000,          0.180,          0.392,         -0.212
              9,          0.000,          0.082,          0.347,         28.434,          0.320,         15.989,          0.273,          2.999,         -3.272,         -0.429,         -2.843,          0.381,         95.342,          0.068,          0.000,         -0.429,          0.158,         -0.587,          0.398,        278.517,          0.000,          0.000,          0.158,          0.387,         -0.228
             10,          0.000,          0.090,          0.318,         28.633,          0.269,         13.465,          0.298,          4.091,         -4.389,         -1.864,         -2.524,          0.373,         93.366,          0.098,          0.000,         -1.864,          0.112,         -1.976,          0.397,        278.248,          0.000,          0.000,          0.112,          0.381,         -0.269
             11,          0.000,          0.098,          0.310,         30.357,          0.256,         12.776,          0.197,          2.884,         -3.081,         -2.392,         -0.689,          0.364,         90.935,          0.080,          0.000,         -2.392,          0.039,         -2.431,          0.397,        277.913,          0.000,          0.000,          0.039,          0.374,         -0.334
             12,          0.000,          0.106,          0.303,         32.119,          0.242,         12.119,          0.171,          2.675,         -2.846,         -2.189,         -0.657,          0.355,         88.757,          0.084,          0.000,         -2.189,         -0.011,         -2.178,          0.396,        277.537,          0.000,          0.000,         -0.011,          0.365,         -0.377
             13,          0.000,          0.114,          0.296,         33.720,          0.228,         11.396,          0.148,          2.657,         -2.805,         -2.082,         -0.723,          0.347,         86.718,          0.085,          0.000,         -2.082,         -0.044,         -2.039,          0.396,        277.137,          0.000,          0.000,         -0.044,          0.356,         -0.400
             14,          0.000,          0.122,          0.289,         35.219,          0.214,         10.689,          0.127,          2.624,         -2.751,         -2.043,         -0.707,          0.339,         84.740,          0.083,          0.000,         -2.043,         -0.065,         -1.978,          0.395,        276.724,          0.000,          0.000,         -0.065,          0.347,         -0.412
             15,          0.000,          0.130,          0.283,         36.725,          0.202,         10.089,          0.130,          2.474,         -2.604,         -2.004,         -0.600,          0.332,         82.875,          0.096,          0.000,         -2.004,         -0.139,         -1.865,          0.395,        276.247,          0.000,          0.000,         -0.139,          0.338,         -0.477
             16,          0.000,          0.138,          0.277,         38.219,          0.191,          9.539,          0.112,          2.392,         -2.504,         -1.954,         -0.550,          0.325,         81.168,          0.092,          0.000,         -1.954,         -0.247,         -1.707,          0.394,        275.673,          0.000,          0.000,         -0.247,          0.327,         -0.574
             17,          0.000,          0.146,          0.273,         39.856,          0.184,          9.177,          0.097,          2.116,         -2.213,         -1.852,         -0.362,          0.319,         79.654,          0.089,          0.000,         -1.852,         -0.338,         -1.514,          0.393,        275.021,          0.000,          0.000,         -0.338,          0.314,         -0.652
             18,          0.000,          0.154,          0.266,         41.015,          0.169,          8.432,          0.137,          2.636,         -2.774,         -2.029,         -0.745,          0.312,         78.042,          0.137,          0.000,         -2.029,         -0.417,         -1.612,          0.392,        274.303,          0.000,          0.000,         -0.417,          0.301,         -0.718
             19,          0.000,          0.162,          0.260,         42.177,          0.158,          7.878,          0.135,          2.648,         -2.783,         -2.229,         -0.554,          0.305,         76.317,          0.146,          0.000,         -2.229,         -0.503,         -1.725,          0.391,        273.513,          0.000,          0.000,         -0.503,          0.287,         -0.790
             20,          0.000,          0.170,          0.258,         43.799,          0.155,          7.748,          0.096,          1.986,         -2.082,         -1.952,         -0.130,          0.300,         74.946,          0.113,          0.000,         -1.952,         -0.581,         -1.371,          0.390,        272.659,          0.000,          0.000,         -0.581,          0.272,         -0.853
             21,          0.000,          0.178,          0.257,         45.741,          0.156,          7.800,          0.079,          1.436,         -1.515,         -1.568,          0.052,          0.296,         74.007,          0.100,          0.000,         -1.568,         -0.629,         -0.939,          0.388,        271.773,          0.000,          0.000,         -0.629,          0.257,         -0.886
             22,          0.000,          0.186,          0.256,         47.543,          0.153,          7.642,          0.082,          1.486,         -1.568,         -1.409,         -0.158,          0.293,         73.250,          0.110,          0.000,         -1.409,         -0.652,         -0.757,          0.387,        270.878,          0.000,          0.000,         -0.652,          0.243,         -0.895
             23,          0.000,          0.194,          0.254,         49.317,          0.150,          7.480,          0.082,          1.452,         -1.535,         -1.372,         -0.163,          0.290,         72.546,          0.118,          0.000,         -1.372,         -0.668,         -0.704,          0.386,        269.981,          0.000,          0.000,         -0.668,          0.229,         -0.897
             24,          0.800,          0.202,          0.258,         52.017,          0.162,          8.124,          0.045,          0.932,         -0.337,         -0.982,          0.645,          0.289,         72.236,          0.069,          0.000,         -0.982,         -0.672,         -0.310,          0.384,        269.093,          0.000,          0.000,         -0.672,          0.216,         -0.888
             25,          0.000,          0.210,          0.256,         53.821,          0.154,          7.716,          0.067,          1.264,         -1.332,         -0.924,         -0.408,          0.288,         71.967,          0.109,          0.000,         -0.924,         -0.654,         -0.270,          0.383,        268.235,          0.000,          0.000,         -0.654,          0.204,         -0.859
             26,          0.200,          0.218,          0.254,         55.480,          0.148,          7.396,          0.089,          1.528,         -1.457,         -1.137,         -0.320,          0.286,         71.477,          0.151,          0.000,         -1.137,         -0.647,         -0.490,          0.382,        267.395,          0.000,          0.000,         -0.647,          0.193,         -0.840
             27,          0.000,          0.226,          0.253,         57.068,          0.142,          7.123,          0.093,          1.445,         -1.539,         -1.265,         -0.274,          0.283,         70.862,          0.166,          0.000,         -1.265,         -0.650,         -0.614,          0.381,        266.561,          0.000,          0.000,         -0.650,          0.183,         -0.833
             28,          0.000,          0.234,          0.252,         58.851,          0.142,          7.077,          0.091,          1.190,         -1.281,         -1.236,         -0.046,          0.281,         70.284,          0.171,          0.000,         -1.236,         -0.657,         -0.579,          0.380,        265.731,          0.000,          0.000,         -0.657,          0.173,         -0.830
             29,          0.000,          0.242,          0.251,         60.821,          0.143,          7.136,          0.071,          0.947,         -1.018,         -1.077,          0.059,          0.279,         69.865,          0.138,          0.000,         -1.077,         -0.658,         -0.419,          0.378,        264.910,          0.000,          0.000,         -0.658,          0.164,         -0.821
             30,          5.900,          0.250,          0.266,         66.494,          0.216,         10.793,          0.062,          1.457,          3.202,         -0.456,          3.657,          0.280,         70.048,          0.126,          0.000,         -0.456,         -0.639,          0.184,          0.377,        264.115,          0.000,          0.000,         -0.639,          0.155,         -0.794
             31,          0.000,          0.258,          0.261,         67.407,          0.176,          8.813,          0.115,          2.280,         -2.396,         -0.415,         -1.980,          0.281,         70.231,          0.246,          0.000,         -0.415,         -0.598,          0.183,          0.376,        263.370,          0.000,          0.000,         -0.598,          0.147,         -0.746
             32,          0.900,          0.266,          0.263,         69.924,          0.182,          9.104,          0.035,          0.745,         -0.060,         -0.352,          0.291,          0.282,         70.444,          0.078,          0.000,         -0.352,         -0.565,          0.213,          0.375,        262.664,          0.000,          0.000,         -0.565,          0.140,         -0.705
             33,          1.200,          0.274,          0.263,         72.137,          0.178,          8.922,          0.071,          1.508,         -0.619,         -0.437,         -0.182,          0.282,         70.543,          0.164,          0.000,         -0.437,         -0.535,          0.098,          0.374,        261.995,          0.000,          0.000,         -0.535,          0.134,         -0.670
             34,          0.000,          0.282,          0.261,         73.502,          0.160,          8.025,          0.080,          1.403,         -1.483,         -0.585,         -0.898,          0.282,         70.472,          0.192,          0.000,         -0.585,         -0.514,         -0.071,          0.373,        261.352,          0.000,          0.000,         -0.514,          0.128,         -0.643
             35,          0.000,          0.290,          0.258,         74.817,          0.149,          7.439,          0.096,          1.360,         -1.456,         -0.870,         -0.586,          0.280,         70.107,          0.239,          0.000,         -0.870,         -0.506,         -0.365,          0.372,        260.723,          0.000,          0.000,         -0.506,          0.123,         -0.629
             36,          0.000,          0.298,          0.257,         76.595,          0.148,          7.394,          0.072,          0.869,         -0.941,         -0.897,         -0.044,          0.279,         69.716,          0.186,          0.000,         -0.897,         -0.506,         -0.391,          0.372,        260.100,          0.000,          0.000,         -0.506,          0.118,         -0.624
             37,          0.300,          0.306,          0.258,         78.879,          0.147,          7.335,          0.106,          1.147,         -1.012,         -0.953,         -0.059,          0.277,         69.271,          0.281,          0.000,         -0.953,         -0.508,         -0.445,          0.371,        259.478,          0.002,          0.000,         -0.508,          0.113,         -0.621
             38,         30.200,          0.314,          0.323,        101.381,          0.406,         20.315,          0.245,          2.595,         21.320,          8.341,         12.979,          0.312,         78.011,          0.665,          0.000,          8.341,         -0.399,          8.740,          0.370,        258.970,          0.010,          0.000,         -0.399,          0.109,         -0.508
             39,         46.500,          0.322,          0.425,        136.914,          0.481,         24.058,          0.515,          2.800,         33.885,         30.142,          3.743,          0.429,        107.270,          1.430,          0.000,         30.142,          0.883,         29.259,          0.371,        259.747,          0.034,          0.000,          0.883,          0.106,          0.777
             40,         14.500,          0.330,          0.448,        147.684,          0.466,         23.314,          0.636,          2.900,          8.064,          8.808,         -0.743,          0.454,        113.614,          1.802,          0.000,          8.808,          2.464,          6.344,          0.374,        262.091,          0.062,          0.000,          2.464,          0.119,          2.344
             41,         16.700,          0.338,          0.462,        156.258,          0.477,         23.862,          0.498,          2.300,         10.563,         10.015,          0.547,          0.473,        118.274,          1.437,          0.000,         10.015,          5.355,          4.660,          0.382,        267.295,          0.065,          0.000,          5.355,          0.151,          5.204
             42,          6.000,          0.346,          0.454,        156.960,          0.463,         23.142,          0.316,          1.400,          3.084,          3.803,         -0.720,          0.463,        115.645,          0.931,          0.000,          3.803,          6.433,         -2.629,          0.391,        273.500,          0.053,          0.000,          6.433,          0.228,          6.204
             43,          0.000,          0.354,          0.439,        155.266,          0.439,         21.947,          0.238,          1.000,         -1.238,         -0.044,         -1.194,          0.446,        111.522,          0.713,          0.000,         -0.044,          4.079,         -4.123,          0.396,        277.263,          0.049,          0.000,          4.079,          0.316,          3.763
             44,          0.000,          0.362,          0.429,        155.402,          0.429,         21.469,          0.140,          0.500,         -0.640,         -0.162,         -0.478,          0.436,        108.942,          0.425,          0.000,         -0.162,          2.418,         -2.580,          0.399,        279.303,          0.035,          0.000,          2.418,          0.378,          2.040
             45,          1.400,          0.370,          0.421,        155.928,          0.423,         21.152,          0.457,          1.900,         -1.237,         -0.920,         -0.317,          0.426,        106.493,          1.410,          0.000,         -0.920,          1.530,         -2.449,          0.401,        280.415,          0.133,          0.000,          1.530,          0.417,          1.112
             46,         98.400,          0.378,          0.490,        185.168,          0.503,         25.132,          0.403,          1.500,         76.817,         72.836,          3.980,          0.500,        124.966,          1.261,          0.000,         72.836,         54.364,         18.473,          0.474,        331.800,          0.136,          0.000,         54.364,          2.979,         51.385
             47,          1.200,          0.386,          0.466,        180.001,          0.457,         22.855,          0.330,          1.200,         -0.570,          1.708,         -2.277,          0.462,        115.625,          1.044,          0.000,          1.708,         11.049,         -9.341,          0.476,        333.314,          0.126,          0.000,         11.049,          9.534,          1.515
             48,          0.000,          0.394,          0.454,        178.931,          0.442,         22.110,          0.216,          0.800,         -1.016,         -0.270,         -0.745,          0.449,        112.355,          0.691,          0.000,         -0.270,          3.000,         -3.270,          0.469,        328.289,          0.093,          0.000,          3.000,          8.026,         -5.026
             49,          0.000,          0.402,          0.443,        178.103,          0.428,         21.393,          0.592,          2.100,         -2.692,         -1.976,         -0.717,          0.437,        109.184,          1.921,          0.000,         -1.976,          1.195,         -3.171,          0.462,        323.351,          0.286,          0.000,          1.195,          6.133,         -4.937
             50,          0.000,          0.410,          0.434,        177.827,          0.415,         20.773,          0.623,          2.300,         -2.923,         -2.303,         -0.620,          0.426,        106.572,          2.043,          0.000,         -2.303,          0.309,         -2.612,          0.456,        318.919,          0.334,          0.000,          0.309,          4.742,         -4.433
             51,          0.000,          0.418,          0.426,        178.090,          0.405,         20.235,          0.571,          2.200,         -2.771,         -2.232,         -0.538,          0.418,        104.426,          1.893,          0.000,         -2.232,         -0.086,         -2.146,          0.450,        315.065,          0.337,          0.000,         -0.086,          3.767,         -3.853
             52,          0.000,          0.426,          0.418,        178.280,          0.396,         19.795,          0.761,          2.500,         -3.261,         -2.821,         -0.440,          0.408,        102.080,          2.548,          0.000,         -2.821,         -0.475,         -2.346,          0.445,        311.526,          0.491,          0.000,         -0.475,          3.064,         -3.539
             53,          0.000,          0.434,          0.414,        179.513,          0.390,         19.517,          0.472,          1.600,         -2.072,         -1.794,         -0.278,          0.403,        100.714,          1.597,          0.000,         -1.794,         -0.428,         -1.366,          0.441,        308.553,          0.331,          0.000,         -0.428,          2.545,         -2.973
             54,          3.500,          0.442,          0.415,        183.498,          0.422,         21.105,          0.464,          1.500,          0.836,         -0.752,          1.588,          0.402,        100.404,          1.584,          0.000,         -0.752,         -0.443,         -0.309,          0.437,        305.942,          0.352,          0.000,         -0.443,          2.168,         -2.611
             55,         25.300,          0.450,          0.448,        201.380,          0.478,         23.895,          0.913,          2.800,         16.528,         13.738,          2.790,          0.454,        113.617,          3.141,          0.000,         13.738,          0.525,         13.212,          0.435,        304.573,          0.747,          0.000,          0.525,          1.894,         -1.369
             56,          0.000,          0.458,          0.440,        201.338,          0.435,         21.728,          0.617,          1.900,         -2.517,         -0.350,         -2.167,          0.441,        110.144,          2.141,          0.000,         -0.350,          3.123,         -3.473,          0.437,        305.764,          0.542,          0.000,          3.123,          1.932,          1.191
             57,          0.000,          0.466,          0.432,        201.093,          0.423,         21.158,          0.533,          1.600,         -2.133,         -1.564,         -0.570,          0.429,        107.245,          1.866,          0.000,         -1.564,          1.335,         -2.899,          0.436,        305.143,          0.501,          0.000,          1.335,          1.956,         -0.621
             58,          1.500,          0.474,          0.427,        202.489,          0.426,         21.285,          0.633,          1.700,         -1.133,         -1.260,          0.126,          0.422,        105.516,          2.232,          0.000,         -1.260,          0.469,         -1.729,          0.434,        303.767,          0.634,          0.000,          0.469,          1.845,         -1.376
             59,          0.700,          0.482,          0.424,        204.433,          0.419,         20.944,          0.338,          0.900,         -0.678,         -0.337,         -0.341,          0.419,        104.683,          1.201,          0.000,         -0.337,          0.495,         -0.833,          0.432,        302.554,          0.360,          0.000,          0.495,          1.709,         -1.214
             60,         13.200,          0.490,          0.437,        214.186,          0.462,         23.081,          0.684,          2.000,          7.876,          5.739,          2.137,          0.440,        109.928,          2.445,          0.000,          5.739,          0.494,          5.245,          0.431,        301.463,          0.772,          0.000,          0.494,          1.585,         -1.091
             61,          2.000,          0.498,          0.435,        216.636,          0.439,         21.928,          0.483,          1.200,         -0.083,          1.069,         -1.153,          0.437,        109.208,          1.740,          0.000,          1.069,          1.789,         -0.720,          0.431,        301.697,          0.577,          0.000,          1.789,          1.556,          0.234
             62,          0.000,          0.506,          0.430,        217.510,          0.425,         21.237,          0.357,          0.900,         -1.257,         -0.566,         -0.691,          0.429,        107.310,          1.293,          0.000,         -0.566,          1.333,         -1.898,          0.431,        301.470,          0.449,          0.000,          1.333,          1.559,         -0.226
             63,          0.000,          0.514,          0.425,        218.412,          0.418,         20.925,          0.503,          1.200,         -1.702,         -1.391,         -0.312,          0.422,        105.381,          1.832,          0.000,         -1.391,          0.538,         -1.928,          0.429,        300.501,          0.666,          0.000,          0.538,          1.507,         -0.970
             64,         54.200,          0.522,          0.475,        247.957,          0.501,         25.053,          0.479,          1.100,         41.781,         37.653,          4.128,          0.498,        124.578,          1.755,          0.000,         37.653,         18.456,         19.197,          0.453,        316.878,          0.666,          0.000,         18.456,          2.079,         16.377
             65,          8.400,          0.530,          0.469,        248.808,          0.470,         23.497,          0.439,          1.000,          5.281,          6.837,         -1.556,          0.473,        118.336,          1.620,          0.000,          6.837,         13.080,         -6.243,          0.464,        325.000,          0.641,          0.000,         13.080,          4.957,          8.123
             66,          4.900,          0.538,          0.464,        249.409,          0.462,         23.118,          0.321,          0.700,          2.899,          3.278,         -0.379,          0.462,        115.490,          1.189,          0.000,          3.278,          6.124,         -2.846,          0.465,        325.215,          0.490,          0.000,          6.124,          5.910,          0.214
             67,         41.300,          0.546,          0.493,        269.034,          0.504,         25.225,          0.712,          1.300,         31.028,         28.922,          2.107,          0.506,        126.577,          2.652,          0.000,         28.922,         17.835,         11.087,          0.480,        336.028,          1.136,          0.000,         17.835,          7.021,         10.814
             68,          7.200,          0.554,          0.480,        265.750,          0.479,         23.952,          0.265,          0.500,          4.995,          6.268,         -1.273,          0.475,        118.638,          0.993,          0.000,          6.268,         14.206,         -7.939,          0.483,        338.167,          0.442,          0.000,         14.206,         12.068,          2.139
             69,          0.000,          0.562,          0.466,        261.730,          0.452,         22.578,          0.554,          1.100,         -1.654,         -0.280,         -1.373,          0.457,        114.214,          2.085,          0.000,         -0.280,          4.144,         -4.424,          0.474,        332.101,          0.962,          0.000,          4.144,         10.210,         -6.066
             70,         30.300,          0.570,          0.486,        276.848,          0.498,         24.914,          0.713,          1.500,         22.027,         19.692,          2.335,          0.496,        123.905,          2.698,          0.000,         19.692,         10.000,          9.691,          0.477,        333.927,          1.289,          0.000,         10.000,          8.175,          1.826
             71,          0.000,          0.578,          0.469,        271.307,          0.457,         22.838,          0.569,          1.000,         -1.569,          0.507,         -2.076,          0.462,        115.485,          2.162,          0.000,          0.507,          8.928,         -8.421,          0.476,        333.016,          1.069,          0.000,          8.928,          9.839,         -0.911
             72,          6.800,          0.586,          0.467,        273.453,          0.465,         23.258,          0.310,          0.600,          4.530,          4.110,          0.420,          0.463,        115.701,          1.185,          0.000,          4.110,          3.894,          0.216,          0.470,        328.939,          0.605,          0.000,          3.894,          7.970,         -4.076
             73,          0.000,          0.594,          0.458,        272.126,          0.446,         22.290,          0.335,          0.500,         -0.835,          0.133,         -0.968,          0.451,        112.675,          1.286,          0.000,          0.133,          3.159,         -3.026,          0.465,        325.474,          0.678,          0.000,          3.159,          6.624,         -3.465
             74,         22.600,          0.602,          0.474,        285.427,          0.492,         24.582,          0.461,          0.700,         16.919,         14.626,          2.293,          0.484,        120.928,          1.774,          0.000,         14.626,          6.373,          8.253,          0.466,        326.117,          0.965,          0.000,          6.373,          5.731,          0.642
             75,          1.000,          0.610,          0.464,        283.107,          0.457,         22.831,          0.483,          0.700,         -0.383,          1.368,         -1.752,          0.460,        114.992,          1.869,          0.000,          1.368,          7.304,         -5.936,          0.467,        326.852,          1.048,          0.000,          7.304,          6.569,          0.736
             76,         21.000,          0.618,          0.476,        294.089,          0.488,         24.380,          0.688,          0.900,         15.212,         13.663,          1.549,          0.485,        121.359,          2.670,          0.000,         13.663,          7.296,          6.367,          0.468,        327.875,          1.542,          0.000,          7.296,          6.273,          1.023
             77,          0.000,          0.626,          0.465,        290.840,          0.455,         22.763,          0.582,          0.700,         -1.282,          0.335,         -1.617,          0.459,        114.859,          2.269,          0.000,          0.335,          6.835,         -6.501,          0.468,        327.666,          1.349,          0.000,          6.835,          7.044,         -0.209
             78,         21.000,          0.634,          0.476,        301.875,          0.490,         24.508,          0.767,          0.800,         15.233,         13.488,          1.745,          0.485,        121.326,          3.000,          0.000,         13.488,          7.021,          6.467,          0.469,        328.230,          1.833,          0.000,          7.021,          6.457,          0.564
             79,          0.000,          0.642,          0.465,        298.647,          0.455,         22.739,          0.406,          0.500,         -0.906,          0.863,         -1.769,          0.460,        114.908,          1.593,          0.000,          0.863,          7.280,         -6.417,          0.469,        328.270,          1.001,          0.000,          7.280,          7.241,          0.040
             80,          1.200,          0.650,          0.458,        297.938,          0.450,         22.517,          0.481,          0.400,          0.079,          0.301,         -0.222,          0.452,        112.903,          1.896,          0.000,          0.301,          2.306,         -2.006,          0.463,        324.302,          1.223,          0.000,          2.306,          6.274,         -3.968
             81,          0.000,          0.658,          0.452,        297.622,          0.440,         21.991,          0.238,          0.200,         -0.438,          0.088,         -0.526,          0.444,        111.061,          0.940,          0.000,          0.088,          1.929,         -1.841,          0.459,        321.077,          0.622,          0.000,          1.929,          5.154,         -3.225
             82,          3.000,          0.666,          0.450,        299.795,          0.451,         22.542,          0.745,          0.600,          1.055,          0.504,          0.552,          0.445,        111.347,          2.952,          0.000,          0.504,          0.219,          0.285,          0.453,        317.083,          2.004,          0.000,          0.219,          4.212,         -3.994
             83,         16.500,          0.674,          0.462,        311.185,          0.478,         23.891,          0.659,          0.400,         12.141,         10.792,          1.349,          0.475,        118.677,          2.619,          0.000,         10.792,          3.462,          7.331,          0.453,        316.928,          1.822,          0.000,          3.462,          3.617,         -0.156
             84,          8.200,          0.682,          0.463,        315.828,          0.476,         23.799,          0.409,          0.200,          5.951,          6.044,         -0.092,          0.469,        117.296,          1.630,          0.000,          6.044,          7.425,         -1.381,          0.458,        320.262,          1.162,          0.000,          7.425,          4.091,          3.334
             85,         12.000,          0.690,          0.467,        322.291,          0.481,         24.049,          0.543,          0.300,          8.757,          8.507,          0.250,          0.475,        118.712,          2.172,          0.000,          8.507,          7.092,          1.415,          0.461,        322.648,          1.585,          0.000,          7.092,          4.705,          2.386
             86,         63.000,          0.698,          0.504,        351.774,          0.516,         25.775,          0.612,          0.200,         49.588,         47.862,          1.726,          0.517,        129.226,          2.455,          0.000,         47.862,         37.347,         10.515,          0.499,        349.525,          1.833,          0.000,         37.347,         10.470,         26.877
             87,         11.100,          0.706,          0.492,        347.032,          0.489,         24.467,          0.667,          0.200,          8.013,          9.322,         -1.308,          0.486,        121.410,          2.684,          0.000,          9.322,         17.138,         -7.817,          0.494,        345.668,          2.050,          0.000,         17.138,         20.996,         -3.857
             88,          0.000,          0.714,          0.476,        339.731,          0.460,         22.992,          0.342,          0.100,         -0.442,          1.033,         -1.475,          0.465,        116.306,          1.380,          0.000,          1.033,          6.137,         -5.104,          0.482,        337.421,          1.078,          0.000,          6.137,         14.384,         -8.247
             89,          0.600,          0.722,          0.466,        336.663,          0.453,         22.663,          0.338,          0.000,          0.142,          0.471,         -0.329,          0.457,        114.148,          1.369,          0.000,          0.471,          2.629,         -2.157,          0.472,        330.581,          1.093,          0.000,          2.629,          9.469,         -6.840
             90,          0.000,          0.730,          0.459,        335.181,          0.449,         22.463,          0.598,          0.000,         -0.598,         -0.398,         -0.199,          0.451,        112.718,          2.425,          0.000,         -0.398,          1.032,         -1.430,          0.464,        324.841,          1.977,          0.000,          1.032,          6.772,         -5.740
